0.000000000000000000e+00 0.000000000000000000e+00
3.542561000000000035e+02 1.500000000000000000e+00
3.532124000000000024e+02 2.494428969359331560e+00
3.522853999999999814e+02 3.488857938718663121e+00
3.510287999999999897e+02 4.483286908077994681e+00
3.502529000000000110e+02 5.477715877437326242e+00
3.494907000000000039e+02 6.472144846796656914e+00
3.482203999999999837e+02 7.466573816155988474e+00
3.470942999999999756e+02 8.461002785515319147e+00
3.461055000000000064e+02 9.455431754874652484e+00
3.450136999999999716e+02 1.044986072423398227e+01
3.442377999999999929e+02 1.144428969359331383e+01
3.432352999999999952e+02 1.243871866295264539e+01
3.421847000000000207e+02 1.343314763231197695e+01
3.410654999999999859e+02 1.442757660167130851e+01
3.400767000000000166e+02 1.542200557103064007e+01
3.389368000000000052e+02 1.641643454038997163e+01
3.378861999999999739e+02 1.741086350974930497e+01
3.369318000000000097e+02 1.840529247910863475e+01
3.358469000000000051e+02 1.939972144846796454e+01
3.350572000000000230e+02 2.039415041782729787e+01
3.341028000000000020e+02 2.138857938718662766e+01
3.329010999999999854e+02 2.238300835654596099e+01
3.321388999999999783e+02 2.337743732590529078e+01
3.309166999999999916e+02 2.437186629526462411e+01
3.299209999999999923e+02 2.536629526462395390e+01
3.290901999999999816e+02 2.636072423398328723e+01
3.283211000000000013e+02 2.735515320334261702e+01
3.267212000000000103e+02 2.834958217270195036e+01
3.257599000000000160e+02 2.934401114206128014e+01
3.249633999999999787e+02 3.033844011142061348e+01
3.240500999999999863e+02 3.133286908077994326e+01
3.227934999999999945e+02 3.232729805013927660e+01
3.220312999999999874e+02 3.332172701949860993e+01
3.206718000000000188e+02 3.431615598885793617e+01
3.196281000000000176e+02 3.531058495821726950e+01
3.184744999999999777e+02 3.630501392757660284e+01
3.174719999999999800e+02 3.729944289693592907e+01
3.167441000000000031e+02 3.829387186629526241e+01
3.153020999999999958e+02 3.928830083565459574e+01
3.143408000000000015e+02 4.028272980501392908e+01
3.138120999999999867e+02 4.127715877437325531e+01
3.126585000000000036e+02 4.227158774373258865e+01
3.117384000000000128e+02 4.326601671309192199e+01
3.105436000000000263e+02 4.426044568245125532e+01
3.094037000000000148e+02 4.525487465181058155e+01
3.084356000000000222e+02 4.624930362116991489e+01
3.074467999999999961e+02 4.724373259052924823e+01
3.066365000000000123e+02 4.823816155988858156e+01
3.052289000000000101e+02 4.923259052924790780e+01
3.045765999999999849e+02 5.022701949860724113e+01
3.031619999999999777e+02 5.122144846796657447e+01
3.023929999999999723e+02 5.221587743732590070e+01
3.011775999999999840e+02 5.321030640668523404e+01
3.000102999999999724e+02 5.420473537604456737e+01
2.990969999999999800e+02 5.519916434540390071e+01
2.980120999999999754e+02 5.619359331476322694e+01
2.969272000000000276e+02 5.718802228412256028e+01
2.963503999999999792e+02 5.818245125348189362e+01
2.951007000000000176e+02 5.917688022284122695e+01
2.939264999999999759e+02 6.017130919220055318e+01
2.930133000000000152e+02 6.116573816155988652e+01
2.918184999999999718e+02 6.216016713091921986e+01
2.907748000000000275e+02 6.315459610027855319e+01
2.897103999999999928e+02 6.414902506963787232e+01
2.886048999999999864e+02 6.514345403899721987e+01
2.876641999999999939e+02 6.613788300835653899e+01
2.867783999999999764e+02 6.713231197771587233e+01
2.854943999999999846e+02 6.812674094707520567e+01
2.843134000000000015e+02 6.912116991643453900e+01
2.840249000000000024e+02 7.011559888579387234e+01
2.822946000000000026e+02 7.111002785515320568e+01
2.816696999999999775e+02 7.210445682451253901e+01
2.801797000000000253e+02 7.309888579387185814e+01
2.796166000000000054e+02 7.409331476323119148e+01
2.783120000000000118e+02 7.508774373259052481e+01
2.776940000000000168e+02 7.608217270194985815e+01
2.762932000000000130e+02 7.707660167130919149e+01
2.752425999999999817e+02 7.807103064066852482e+01
2.747069999999999936e+02 7.906545961002785816e+01
2.731619999999999777e+02 8.005988857938719150e+01
2.724959999999999809e+02 8.105431754874651062e+01
2.710333999999999719e+02 8.204874651810584396e+01
2.704291000000000054e+02 8.304317548746517730e+01
2.690077999999999747e+02 8.403760445682451063e+01
2.682524000000000228e+02 8.503203342618384397e+01
2.671675000000000182e+02 8.602646239554317731e+01
2.660414000000000101e+02 8.702089136490251065e+01
2.650937999999999874e+02 8.801532033426182977e+01
2.643729000000000156e+02 8.900974930362116311e+01
2.631918000000000006e+02 9.000417827298049644e+01
2.624295999999999935e+02 9.099860724233982978e+01
2.612966000000000122e+02 9.199303621169916312e+01
2.601293000000000006e+02 9.298746518105849646e+01
2.591198999999999728e+02 9.398189415041782979e+01
2.581449000000000069e+02 9.497632311977716313e+01
2.571492000000000075e+02 9.597075208913648225e+01
2.563938999999999737e+02 9.696518105849581559e+01
2.552402999999999906e+02 9.795961002785514893e+01
2.544850000000000136e+02 9.895403899721448227e+01
2.534001000000000090e+02 9.994846796657381560e+01
2.521434999999999889e+02 1.009428969359331489e+02
2.513470000000000084e+02 1.019373259052924823e+02
2.507015000000000100e+02 1.029317548746518014e+02
2.491496999999999957e+02 1.039261838440111347e+02
2.483188000000000102e+02 1.049206128133704681e+02
2.471790000000000020e+02 1.059150417827298014e+02
2.463069000000000131e+02 1.069094707520891347e+02
2.451877000000000066e+02 1.079038997214484681e+02
2.441577000000000055e+02 1.088983286908078014e+02
2.433611999999999966e+02 1.098927576601671348e+02
2.425303000000000111e+02 1.108871866295264539e+02
2.414179000000000030e+02 1.118816155988857872e+02
2.403329999999999984e+02 1.128760445682451206e+02
2.395158999999999878e+02 1.138704735376044539e+02
2.386163999999999987e+02 1.148649025069637872e+02
2.375588999999999942e+02 1.158593314763231206e+02
2.366525000000000034e+02 1.168537604456824539e+02
2.354302999999999884e+02 1.178481894150417730e+02
2.343934000000000140e+02 1.188426183844011064e+02
2.333017000000000110e+02 1.198370473537604397e+02
2.326767999999999859e+02 1.208314763231197730e+02
2.313652999999999906e+02 1.218259052924791064e+02
2.305344000000000051e+02 1.228203342618384397e+02
2.295594000000000108e+02 1.238147632311977731e+02
2.284676000000000045e+02 1.248091922005571064e+02
2.276504999999999939e+02 1.258036211699164255e+02
2.263663999999999987e+02 1.267980501392757589e+02
2.256041999999999916e+02 1.277924791086350922e+02
2.245261999999999887e+02 1.287869080779944397e+02
2.238600999999999885e+02 1.297813370473537589e+02
2.231048000000000116e+02 1.307757660167130780e+02
2.217726999999999862e+02 1.317701949860724255e+02
2.208731999999999971e+02 1.327646239554317447e+02
2.200903999999999883e+02 1.337590529247910922e+02
2.190466999999999871e+02 1.347534818941504113e+02
2.181814999999999998e+02 1.357479108635097589e+02
2.170072999999999865e+02 1.367423398328690780e+02
2.157506999999999948e+02 1.377367688022283971e+02
2.150159999999999911e+02 1.387311977715877447e+02
2.142332000000000107e+02 1.397256267409470638e+02
2.129491999999999905e+02 1.407200557103064114e+02
2.119672999999999945e+02 1.417144846796657305e+02
2.112393999999999892e+02 1.427089136490250780e+02
2.103054999999999950e+02 1.437033426183843972e+02
2.090970000000000084e+02 1.446977715877437163e+02
2.084653000000000134e+02 1.456922005571030638e+02
2.076756000000000029e+02 1.466866295264623830e+02
2.065494999999999948e+02 1.476810584958217305e+02
2.054920999999999935e+02 1.486754874651810496e+02
2.045994000000000028e+02 1.496699164345403972e+02
2.036038000000000068e+02 1.506643454038997163e+02
2.029789000000000101e+02 1.516587743732590354e+02
2.018046999999999969e+02 1.526532033426183830e+02
2.007266999999999939e+02 1.536476323119777021e+02
1.999713999999999885e+02 1.546420612813370496e+02
1.987766000000000020e+02 1.556364902506963688e+02
1.979182999999999879e+02 1.566309192200557163e+02
1.969019999999999868e+02 1.576253481894150354e+02
1.959200999999999908e+02 1.586197771587743830e+02
1.951236000000000104e+02 1.596142061281337021e+02
1.940387000000000057e+02 1.606086350974930212e+02
1.931048000000000116e+02 1.616030640668523688e+02
1.923426000000000045e+02 1.625974930362116879e+02
1.912646000000000015e+02 1.635919220055710355e+02
1.901933999999999969e+02 1.645863509749303546e+02
1.895204999999999984e+02 1.655807799442897021e+02
1.883531999999999869e+02 1.665752089136490213e+02
1.876870999999999867e+02 1.675696378830083404e+02
1.863686999999999898e+02 1.685640668523676879e+02
1.856271000000000129e+02 1.695584958217270071e+02
1.845559000000000083e+02 1.705529247910863546e+02
1.838624000000000080e+02 1.715473537604456737e+02
1.829216999999999871e+02 1.725417827298050213e+02
1.819466999999999928e+02 1.735362116991643404e+02
1.806282999999999959e+02 1.745306406685236595e+02
1.795089999999999861e+02 1.755250696378830071e+02
1.788017999999999859e+02 1.765194986072423262e+02
1.777649000000000115e+02 1.775139275766016738e+02
1.769890000000000043e+02 1.785083565459609929e+02
1.757941999999999894e+02 1.795027855153203404e+02
1.748947000000000003e+02 1.804972144846796596e+02
1.742287000000000035e+02 1.814916434540389787e+02
1.734389999999999930e+02 1.824860724233983262e+02
1.723266000000000133e+02 1.834805013927576454e+02
1.715781000000000063e+02 1.844749303621169929e+02
1.704382999999999981e+02 1.854693593314763120e+02
1.693670999999999935e+02 1.864637883008356596e+02
1.683920999999999992e+02 1.874582172701949787e+02
1.676641999999999939e+02 1.884526462395543263e+02
1.665449999999999875e+02 1.894470752089136454e+02
1.656385999999999967e+02 1.904415041782729645e+02
1.646085999999999956e+02 1.914359331476323121e+02
1.638394999999999868e+02 1.924303621169916312e+02
1.626928000000000054e+02 1.934247910863509787e+02
1.621365999999999872e+02 1.944192200557102979e+02
1.610723000000000127e+02 1.954136490250696454e+02
1.602895000000000039e+02 1.964080779944289645e+02
1.591290999999999940e+02 1.974025069637882837e+02
1.581608999999999980e+02 1.983969359331476312e+02
1.570896999999999935e+02 1.993913649025069503e+02
1.564304999999999950e+02 2.003857938718662979e+02
1.554348999999999990e+02 2.013802228412256170e+02
1.542469000000000108e+02 2.023746518105849646e+02
1.536014999999999873e+02 2.033690807799442837e+02
1.522624999999999886e+02 2.043635097493036028e+02
1.514317000000000064e+02 2.053579387186629504e+02
1.505115000000000123e+02 2.063523676880222695e+02
1.497219000000000051e+02 2.073467966573816170e+02
1.487194000000000074e+02 2.083412256267409361e+02
1.476413000000000011e+02 2.093356545961002837e+02
1.471399999999999864e+02 2.103300835654596028e+02
1.460551000000000101e+02 2.113245125348189219e+02
1.448259999999999934e+02 2.123189415041782695e+02
1.438303999999999974e+02 2.133133704735375886e+02
1.427522999999999911e+02 2.143077994428969362e+02
1.417291999999999916e+02 2.153022284122562553e+02
1.410631999999999948e+02 2.162966573816156028e+02
1.400399999999999920e+02 2.172910863509749220e+02
1.392778999999999883e+02 2.182855153203342695e+02
1.379594999999999914e+02 2.192799442896935886e+02
1.371012000000000057e+02 2.202743732590529078e+02
1.360712000000000046e+02 2.212688022284122553e+02
1.354738000000000113e+02 2.222632311977715744e+02
1.342377999999999929e+02 2.232576601671309220e+02
1.330705000000000098e+02 2.242520891364902411e+02
1.321777999999999906e+02 2.252465181058495887e+02
1.312713999999999999e+02 2.262409470752089078e+02
1.300834999999999866e+02 2.272353760445682269e+02
1.290192000000000121e+02 2.282298050139275745e+02
1.284766999999999939e+02 2.292242339832868936e+02
1.275772000000000048e+02 2.302186629526462411e+02
1.262039000000000044e+02 2.312130919220055603e+02
1.255447000000000060e+02 2.322075208913649078e+02
1.241234000000000037e+02 2.332019498607242269e+02
1.233748999999999967e+02 2.341963788300835461e+02
1.221937999999999960e+02 2.351908077994428936e+02
1.215827000000000027e+02 2.361852367688022127e+02
1.204223000000000070e+02 2.371796657381615603e+02
1.194197999999999951e+02 2.381740947075208794e+02
1.185957999999999970e+02 2.391685236768802270e+02
1.172086999999999932e+02 2.401629526462395461e+02
1.164258999999999986e+02 2.411573816155988652e+02
1.152379999999999995e+02 2.421518105849582128e+02
1.142286000000000001e+02 2.431462395543175319e+02
1.133084999999999951e+02 2.441406685236768794e+02
1.124158999999999935e+02 2.451350974930361986e+02
1.111662000000000035e+02 2.461295264623955461e+02
1.103422000000000054e+02 2.471239554317548652e+02
1.094907000000000039e+02 2.481183844011142128e+02
1.084813000000000045e+02 2.491128133704735319e+02
1.074170000000000016e+02 2.501072423398328510e+02
1.062566000000000059e+02 2.511016713091921986e+02
1.051509999999999962e+02 2.520961002785515177e+02
1.040935999999999950e+02 2.530905292479108653e+02
1.033931999999999931e+02 2.540849582172701844e+02
1.022464999999999975e+02 2.550793871866295319e+02
1.013332000000000050e+02 2.560738161559888795e+02
1.001864999999999952e+02 2.570682451253481986e+02
9.911533000000000015e+01 2.580626740947075177e+02
9.819522000000000617e+01 2.590571030640668369e+02
9.714464999999999861e+01 2.600515320334261560e+02
9.641678000000000281e+01 2.610459610027855319e+02
9.496796000000000504e+01 2.620403899721448511e+02
9.439113999999999294e+01 2.630348189415041702e+02
9.336118000000000450e+01 2.640292479108634893e+02
9.234490999999999872e+01 2.650236768802228084e+02
9.119131000000000142e+01 2.660181058495821844e+02
9.020941000000000543e+01 2.670125348189415035e+02
8.909702000000000055e+01 2.680069637883008227e+02
8.792972000000000321e+01 2.690013927576601418e+02
8.739409999999999457e+01 2.699958217270195178e+02
8.597960999999999387e+01 2.709902506963788369e+02
8.516934000000000538e+01 2.719846796657381560e+02
8.408441000000000543e+01 2.729791086350974751e+02
8.308190999999999349e+01 2.739735376044567943e+02
8.204506999999999550e+01 2.749679665738161702e+02
8.143395999999999901e+01 2.759623955431754894e+02
8.032842999999999734e+01 2.769568245125348085e+02
7.892767000000000621e+01 2.779512534818941276e+02
7.817919999999999447e+01 2.789456824512534467e+02
7.703247000000000355e+01 2.799401114206128227e+02
7.618103000000000691e+01 2.809345403899721418e+02
7.489696999999999605e+01 2.819289693593314610e+02
7.383266999999999314e+01 2.829233983286907801e+02
7.289879999999999427e+01 2.839178272980501561e+02
7.183446999999999605e+01 2.849122562674094752e+02
7.077016999999999314e+01 2.859066852367687943e+02
6.974017000000000621e+01 2.869011142061281134e+02
6.897799999999999443e+01 2.878955431754874326e+02
6.768023999999999774e+01 2.888899721448468085e+02
6.684250000000000114e+01 2.898844011142061277e+02
6.562713999999999714e+01 2.908788300835654468e+02
6.473447000000000173e+01 2.918732590529247659e+02
6.383496000000000237e+01 2.928676880222841419e+02
6.266763000000000261e+01 2.938621169916434610e+02
6.162393000000000143e+01 2.948565459610027801e+02
6.060766999999999882e+01 2.958509749303620993e+02
5.935793999999999926e+01 2.968454038997214184e+02
5.838289999999999935e+01 2.978398328690807944e+02
5.742157000000000266e+01 2.988342618384401135e+02
5.635040000000000049e+01 2.998286908077994326e+02
5.554012999999999778e+01 3.008231197771587517e+02
5.451702999999999832e+01 3.018175487465180709e+02
5.359002999999999872e+01 3.028119777158774468e+02
5.246392999999999773e+01 3.038064066852367660e+02
5.145456000000000074e+01 3.048008356545960851e+02
5.046576000000000306e+01 3.057952646239554042e+02
4.923666000000000054e+01 3.067896935933147802e+02
4.867358000000000118e+01 3.077841225626740993e+02
4.740328999999999837e+01 3.087785515320334184e+02
4.627029000000000281e+01 3.097729805013927376e+02
4.540509000000000128e+01 3.107674094707520567e+02
4.437512000000000256e+01 3.117618384401114326e+02
4.341378999999999877e+01 3.127562674094707518e+02
4.225336000000000070e+01 3.137506963788300709e+02
4.144308000000000192e+01 3.147451253481893900e+02
4.024141999999999797e+01 3.157395543175487660e+02
3.947238000000000113e+01 3.167339832869080851e+02
3.834624999999999773e+01 3.177284122562674042e+02
3.750854000000000354e+01 3.187228412256267234e+02
3.634125000000000227e+01 3.197172701949860425e+02
3.527694999999999936e+01 3.207116991643454185e+02
3.423322000000000287e+01 3.217061281337047376e+02
3.300408999999999793e+01 3.227005571030640567e+02
3.226250999999999891e+01 3.236949860724233758e+02
3.110204999999999842e+01 3.246894150417826950e+02
3.029181000000000168e+01 3.256838440111420709e+02
2.929614000000000118e+01 3.266782729805013901e+02
2.809450999999999965e+01 3.276727019498607092e+02
2.708511000000000024e+01 3.286671309192200283e+02
2.605510999999999910e+01 3.296615598885794043e+02
2.507320999999999955e+01 3.306559888579387234e+02
2.433160000000000167e+01 3.316504178272980425e+02
2.328790000000000049e+01 3.326448467966573617e+02
2.222360000000000113e+01 3.336392757660166808e+02
2.111809999999999832e+01 3.346337047353760568e+02
1.995764000000000138e+01 3.356281337047353759e+02
1.920232999999999990e+01 3.366225626740946950e+02
1.801439999999999841e+01 3.376169916434540141e+02
1.714920000000000044e+01 3.386114206128133333e+02
1.627028999999999925e+01 3.396058495821727092e+02
1.502744000000000035e+01 3.406002785515320284e+02
1.412105999999999995e+01 3.415947075208913475e+02
1.309106000000000058e+01 3.425891364902506666e+02
1.247307999999999950e+01 3.435835654596100426e+02
1.127142000000000088e+01 3.445779944289693617e+02
1.026889000000000074e+01 3.455724233983286808e+02
9.266387999999999181e+00 3.465668523676880000e+02
8.408051000000000386e+00 3.475612813370473191e+02
7.144623000000000168e+00 3.485557103064066951e+02
6.375580000000000247e+00 3.495501392757660142e+02
4.988525000000000098e+00 3.505445682451253333e+02
4.295012999999999970e+00 3.515389972144846524e+02
3.216949000000000058e+00 3.525334261838440284e+02
2.248778999999999861e+00 3.535278551532033475e+02
1.617064999999999975e+00 3.545222841225626667e+02
3.055419999999999803e-01 3.555167130919219858e+02
3.597287999999999784e+02 3.565111420612813049e+02
3.588566999999999894e+02 3.575055710306406809e+02
3.574970999999999890e+02 3.585000000000000000e+02
3.600000000000000000e+02 3.600000000000000000e+02
